20 18 18 
-0.485946 0.998479 -0.6006 -0.900025 0.531702 -0.101616 -0.718668 -0.960792 0.242121 -0.851165 0.214611 -0.665315 -0.214216 0.732456 -0.359619 0.229134 0.573236 0.724626 
0.38002 0.971061 -0.326927 -0.352986 -0.807329 -0.60135 -0.379275 0.257347 0.243468 0.304192 0.00890899 0.408464 0.990229 -0.0140842 0.488958 0.576478 0.755626 0.33245 
0.359964 -0.834256 0.393917 0.856135 0.144307 -0.00248587 -0.649625 -0.426316 -0.829426 -0.594003 0.282545 0.101715 0.904794 0.561085 0.425473 -0.0926747 -0.887426 0.800466 
-0.881708 -0.935511 -0.395466 -0.226553 0.225361 0.338292 -0.594191 0.342703 -0.278394 -0.162232 0.656935 0.838949 0.988378 -0.100728 0.438965 -0.509431 -0.405554 -0.89479 
0.0751154 -0.990424 0.807748 0.791313 0.309263 -0.147459 0.330066 0.864484 0.918779 0.573301 -0.878671 -0.948271 0.34663 -0.279086 0.972272 0.837222 0.692016 -0.115439 
0.586447 0.584069 -0.259692 -0.252248 -0.400645 -0.44374 -0.220718 0.197726 0.112292 -0.0304888 -0.312487 0.857441 0.0640997 0.514436 -0.447587 0.549222 -0.0752797 -0.326798 
0.0559992 -0.457763 -0.676518 -0.950014 -0.0466061 0.842532 -0.909258 0.0361207 0.399766 0.927455 0.394413 0.249418 0.25257 0.417586 0.498878 0.735963 0.0668223 -0.887472 
-0.315577 -0.529239 0.777189 -0.949015 0.544639 0.801499 -0.653989 0.928077 0.223724 0.581568 -0.116706 -0.150779 -0.242769 0.177755 0.0745612 -0.187266 0.974963 0.319796 
-0.0486843 -0.395978 0.650644 0.233318 -0.540627 0.228785 -0.152933 0.187464 0.245969 0.984781 0.681932 -0.921045 -0.944006 0.493169 -0.0940747 0.128423 -0.4796 0.325136 
-0.941246 0.100156 0.401677 -0.370587 -0.757936 0.688432 0.672565 -0.834981 -0.735376 -0.411125 0.705924 0.33083 0.00913584 0.050143 0.488752 -0.516092 -0.467869 0.106831 
0.399701 -0.68792 -0.961744 0.955138 -0.947513 -0.647262 -0.351102 0.0424837 0.851195 0.221515 -0.612261 -0.664402 0.570745 -0.316842 -0.322241 -0.464854 -0.629549 -0.937715 
0.318946 0.0320489 0.920614 0.85478 0.85376 -0.2084 -0.258643 0.311287 -0.305832 -0.657708 0.984015 0.45428 -0.787267 -0.560708 0.0350182 0.0306209 -0.278435 0.510321 
-0.443005 -0.442163 -0.558868 0.696425 -0.033231 -0.309183 -0.242055 0.730644 0.255299 -0.479745 0.984528 -0.955018 -0.0662301 0.588508 0.148155 -0.525038 -0.229603 -0.877993 
-0.714798 -0.432117 0.802091 0.540945 0.983777 0.647866 -0.355063 0.193266 0.558947 0.485201 0.452708 -0.600159 0.416823 -0.160569 -0.849708 -0.65894 -0.56811 -0.457779 
0.323803 -0.474086 0.734333 0.960519 0.855119 0.461513 -0.0772883 -0.586881 0.934519 -0.37256 -0.775898 0.767697 -0.395257 0.376314 0.914997 0.391387 0.608535 -0.755428 
-0.219766 0.262102 -0.655759 0.584056 0.166473 -0.912624 0.262457 -0.0494197 -0.0516768 0.0444287 0.804699 -0.84408 0.487589 -0.199861 -0.623972 0.785537 0.170307 0.227759 
-0.0830324 0.203376 -0.43977 -0.109393 0.814443 0.49412 0.169166 0.214981 -0.347751 -0.279485 0.998535 0.482941 -0.938448 -0.395559 -0.380348 -0.480793 0.911452 0.557328 
0.012303 -0.484948 -0.967285 0.441285 -0.342293 0.17737 0.78138 0.643764 -0.387212 -0.588153 -0.00269538 0.189129 0.271592 0.548792 -0.0864213 -0.373098 -0.603793 0.907397 
-0.824717 -0.533472 0.665854 -0.745163 -0.52007 0.0620937 -0.399366 -0.831914 -0.460509 0.244396 0.47363 0.670393 0.0291533 0.25085 -0.0998799 -0.228615 -0.716412 -0.849131 
0.751016 -0.484323 -0.386466 -0.893359 -0.337133 0.68221 0.858314 -0.55824 0.629151 0.0115337 0.621291 0.530094 0.424907 0.768773 0.6289 -0.0347355 -0.51952 0.485107 
-0.237989 0.357567 -0.552388 -0.0784793 -0.579578 0.364286 0.299129 -0.710062 -0.0253298 -0.524456 -0.0757115 -0.0572791 -0.226803 -0.300105 0.433491 -0.828845 0.077412 0.346497 
0.190923 -0.543992 0.233115 0.647819 -0.257856 -0.362855 0.262896 0.985154 -0.465188 -0.021552 0.659748 0.783734 0.085389 0.670171 -0.0777943 -0.193129 -0.771631 -0.0844177 
0.537204 0.110201 -0.571552 0.0238544 -0.580836 0.282203 -0.777116 0.742224 -0.694795 0.318454 0.910525 -0.283909 0.366234 0.849252 0.533487 0.0448549 0.347457 -0.647907 
-0.631702 0.537752 0.526579 -0.324349 -0.622779 -0.28414 -0.207475 0.915991 -0.944389 -0.593447 -0.845871 0.792965 -0.768201 -0.840296 0.491809 0.664975 0.774451 -0.801789 
0.669489 -0.865107 0.31132 0.285446 -0.608267 0.59952 -0.951769 -0.143189 0.433998 -0.842237 0.105626 0.22581 0.879056 0.385042 0.164262 0.0499957 -0.411342 0.320352 
0.642427 0.834804 -0.447002 0.734198 -0.411951 -0.442932 0.442282 0.318816 -0.65085 -0.494235 0.447184 0.205056 0.440797 0.0320644 0.146196 0.257036 0.809628 0.0938861 
-0.605112 -0.769595 0.236117 -0.747334 -0.200336 0.676197 -0.227466 -0.459426 -0.510303 0.56412 -0.706282 -0.579921 0.892971 -0.151203 -0.0210727 -0.965549 0.634077 -0.478809 
0.151994 0.956062 -0.552558 -0.0421503 -0.716677 -0.0122936 0.473562 -0.90624 0.133257 0.0117935 -0.624118 -0.510696 0.709504 0.928993 0.286354 0.501983 0.817042 0.0881261 
-0.140028 0.854845 0.760969 -0.484645 -0.434552 0.175575 0.0739379 0.614527 0.762231 0.633365 0.388728 -0.584052 -0.471444 -0.579154 0.600933 0.410716 0.50792 0.965677 
0.518351 -0.231483 -0.582204 -0.555533 -0.658469 -0.285801 0.675084 0.238701 -0.481306 0.630933 -0.604529 0.916236 -0.181046 -0.381244 -0.828807 -0.435258 -0.736019 -0.986033 
0.755708 0.882854 -0.919653 -0.0388165 -0.872086 -0.840681 -0.537857 -0.678118 -0.0617139 -0.674695 -0.956493 -0.57276 -0.566736 -0.776696 0.80856 -0.472918 0.0366459 -0.0869947 
-0.223053 0.291309 0.772856 0.146735 0.0180228 -0.0119157 -0.879667 0.141826 -0.571591 0.532259 -0.795656 0.620381 -0.620515 0.0582176 -0.861732 0.485299 0.925101 0.540722 
0.199397 0.0957017 0.606571 -0.620166 -0.071014 0.825862 0.188084 0.972097 -0.835446 0.687883 -0.871357 -0.167525 -0.280615 0.466916 -0.181168 -0.613994 -0.416439 0.473951 
-0.896494 0.557934 -0.525052 -0.243682 -0.376926 -0.729727 -0.900102 0.419397 -0.653113 -0.213396 0.553875 0.839661 0.893121 -0.11321 -0.74455 0.785854 0.195803 0.163295 
-0.247845 -0.924565 0.378102 0.791365 0.0828551 -0.133952 -0.407907 -0.586086 -0.171045 -0.196094 0.939211 -0.16736 -0.557384 -0.453895 -0.829063 0.531875 0.176515 0.99725 
0.248757 0.559966 0.578394 0.794206 -0.624881 0.546909 -0.594537 -0.650933 -0.186776 -0.410568 0.0456725 0.349635 -0.937864 0.190602 0.385348 0.106527 0.265865 -0.00528699 
0.495921 -0.957241 -0.66105 0.439655 -0.220456 -0.311917 0.803381 0.00483561 0.323633 0.573487 -0.538747 0.690566 0.346982 0.74165 0.640767 -0.0129974 0.353942 0.682732 
0.226938 -0.43987 -0.999041 0.568043 -0.0875909 0.69511 0.559111 -0.526957 0.495007 -0.62065 -0.303388 0.839976 -0.987755 0.0563151 -0.540079 -0.562542 0.988235 0.17159 
0.265062 0.483624 -0.459263 0.756931 
0.579086 0.690892 -0.0172872 0.372861 
0.594193 0.679234 -0.38148 -0.357749 
0.377257 -0.227902 0.83638 0.336121 
0.142114 0.453603 -0.694532 0.610616 
-0.979227 -0.501543 0.419863 -0.55092 
0.616076 0.817586 -0.914667 -0.626753 
0.984291 -0.0824483 -0.281129 -0.265128 
0.995061 0.553808 0.118801 0.684334 
-0.127195 -0.641693 -0.857943 0.879797 
-0.373682 -0.851364 0.498332 -0.649451 
0.465797 -0.105283 -0.12321 -0.718481 
-0.236423 -0.110407 0.126296 0.378292 
-0.745079 0.474335 0.867934 -0.51515 
0.805722 -0.204595 0.690047 -0.374874 
0.609058 -0.603768 0.783316 -0.386265 
-0.11527 -0.388562 0.18025 -0.886927 
-0.609418 0.840525 0.883443 0.736198 
